@ ./temp_file_creation/feature_generation/zeo++//qmof-68d0826_sa.txt Unitcell_volume: 3078.27   Density: 0.989368   ASA_A^2: 497.351 ASA_m^2/cm^3: 1615.68 ASA_m^2/g: 1633.05 NASA_A^2: 0.0555896 NASA_m^2/cm^3: 0.180587 NASA_m^2/g: 0.182528
Number_of_channels: 2 Channel_surface_area_A^2: 265.333  232.018  
Number_of_pockets: 1 Pocket_surface_area_A^2: 0.0555896  
