@ ./temp_file_creation/feature_generation/zeo++//qmof-5512d33_sa.txt Unitcell_volume: 1883.01   Density: 0.790233   ASA_A^2: 374.262 ASA_m^2/cm^3: 1987.58 ASA_m^2/g: 2515.18 NASA_A^2: 0.094328 NASA_m^2/cm^3: 0.500944 NASA_m^2/g: 0.633919
Number_of_channels: 1 Channel_surface_area_A^2: 374.262  
Number_of_pockets: 1 Pocket_surface_area_A^2: 0.094328  
