@ ./temp_file_creation/feature_generation/zeo++//qmof-cf9e198_sa.txt Unitcell_volume: 3269.49   Density: 0.819109   ASA_A^2: 413.145 ASA_m^2/cm^3: 1263.64 ASA_m^2/g: 1542.7 NASA_A^2: 2.5641 NASA_m^2/cm^3: 7.84253 NASA_m^2/g: 9.57447
Number_of_channels: 4 Channel_surface_area_A^2: 141.101  64.9995  141.601  65.4437  
Number_of_pockets: 7 Pocket_surface_area_A^2: 0.0796306  0.0637045  0.159261  0.57334  0.430005  0.557414  0.700749  
