@ ./temp_file_creation/feature_generation/zeo++//qmof-d77d3f0_sa.txt Unitcell_volume: 6374.79   Density: 0.846976   ASA_A^2: 622.318 ASA_m^2/cm^3: 976.217 ASA_m^2/g: 1152.59 NASA_A^2: 31.1027 NASA_m^2/cm^3: 48.7902 NASA_m^2/g: 57.6052
Number_of_channels: 1 Channel_surface_area_A^2: 622.318  
Number_of_pockets: 4 Pocket_surface_area_A^2: 6.67304  8.64692  7.59676  8.18602  
