@ ./temp_file_creation/feature_generation/zeo++//qmof-e2787da_sa.txt Unitcell_volume: 4550.74   Density: 0.947571   ASA_A^2: 679.88 ASA_m^2/cm^3: 1494 ASA_m^2/g: 1576.66 NASA_A^2: 13.6343 NASA_m^2/cm^3: 29.9605 NASA_m^2/g: 31.6182
Number_of_channels: 2 Channel_surface_area_A^2: 340.857  339.022  
Number_of_pockets: 2 Pocket_surface_area_A^2: 6.57397  7.06029  
