@ ./temp_file_creation/feature_generation/zeo++//qmof-dbd6c51_sa.txt Unitcell_volume: 3874.37   Density: 0.468869   ASA_A^2: 651.839 ASA_m^2/cm^3: 1682.44 ASA_m^2/g: 3588.29 NASA_A^2: 0.101783 NASA_m^2/cm^3: 0.262709 NASA_m^2/g: 0.560304
Number_of_channels: 1 Channel_surface_area_A^2: 651.839  
Number_of_pockets: 2 Pocket_surface_area_A^2: 0.0462086  0.0555746  
