@ ./temp_file_creation/feature_generation/zeo++//qmof-25172f2_sa.txt Unitcell_volume: 3172.63   Density: 0.915879   ASA_A^2: 202.856 ASA_m^2/cm^3: 639.395 ASA_m^2/g: 698.121 NASA_A^2: 3.01311 NASA_m^2/cm^3: 9.4972 NASA_m^2/g: 10.3695
Number_of_channels: 1 Channel_surface_area_A^2: 202.856  
Number_of_pockets: 4 Pocket_surface_area_A^2: 0.37681  1.27748  0.37182  0.986993  
