@ ./temp_file_creation/feature_generation/zeo++//qmof-3fcd371_sa.txt Unitcell_volume: 4085.37   Density: 0.975484   ASA_A^2: 467.614 ASA_m^2/cm^3: 1144.61 ASA_m^2/g: 1173.37 NASA_A^2: 63.4726 NASA_m^2/cm^3: 155.365 NASA_m^2/g: 159.27
Number_of_channels: 1 Channel_surface_area_A^2: 467.614  
Number_of_pockets: 5 Pocket_surface_area_A^2: 15.5063  5.83618  12.0247  14.9667  15.1387  
