@ ./temp_file_creation/feature_generation/zeo++//qmof-00eae24_sa.txt Unitcell_volume: 3254.26   Density: 0.806879   ASA_A^2: 421.236 ASA_m^2/cm^3: 1294.41 ASA_m^2/g: 1604.22 NASA_A^2: 0.734086 NASA_m^2/cm^3: 2.25577 NASA_m^2/g: 2.79567
Number_of_channels: 2 Channel_surface_area_A^2: 254.888  166.347  
Number_of_pockets: 2 Pocket_surface_area_A^2: 0.0377979  0.696288  
