@ ./temp_file_creation/feature_generation/zeo++//qmof-f8dd514_sa.txt Unitcell_volume: 7928.88   Density: 1.05373   ASA_A^2: 856.225 ASA_m^2/cm^3: 1079.88 ASA_m^2/g: 1024.82 NASA_A^2: 31.5852 NASA_m^2/cm^3: 39.8357 NASA_m^2/g: 37.8045
Number_of_channels: 1 Channel_surface_area_A^2: 856.225  
Number_of_pockets: 8 Pocket_surface_area_A^2: 1.3414  12.712  0.074026  12.2377  1.9472  0.0587142  1.30456  1.90956  
