@ ./temp_file_creation/feature_generation/zeo++//qmof-28f98c4_sa.txt Unitcell_volume: 4283.91   Density: 0.386751   ASA_A^2: 867.006 ASA_m^2/cm^3: 2023.87 ASA_m^2/g: 5233 NASA_A^2: 0.0218718 NASA_m^2/cm^3: 0.0510557 NASA_m^2/g: 0.132012
Number_of_channels: 1 Channel_surface_area_A^2: 867.006  
Number_of_pockets: 1 Pocket_surface_area_A^2: 0.0218718  
