@ ./temp_file_creation/feature_generation/zeo++//qmof-020e5f6_sa.txt Unitcell_volume: 8432.11   Density: 0.791394   ASA_A^2: 1394.94 ASA_m^2/cm^3: 1654.32 ASA_m^2/g: 2090.39 NASA_A^2: 0.0255482 NASA_m^2/cm^3: 0.0302987 NASA_m^2/g: 0.0382852
Number_of_channels: 1 Channel_surface_area_A^2: 1394.94  
Number_of_pockets: 4 Pocket_surface_area_A^2: 0  0  0  0.0255482  
