@ ./temp_file_creation/feature_generation/zeo++//qmof-f84978a_sa.txt Unitcell_volume: 1094.42   Density: 0.924181   ASA_A^2: 170.943 ASA_m^2/cm^3: 1561.94 ASA_m^2/g: 1690.09 NASA_A^2: 0.0302824 NASA_m^2/cm^3: 0.276698 NASA_m^2/g: 0.299398
Number_of_channels: 1 Channel_surface_area_A^2: 170.943  
Number_of_pockets: 1 Pocket_surface_area_A^2: 0.0302824  
