@ ./temp_file_creation/feature_generation/zeo++//qmof-6077eac_sa.txt Unitcell_volume: 1346.62   Density: 1.33012   ASA_A^2: 97.8072 ASA_m^2/cm^3: 726.316 ASA_m^2/g: 546.054 NASA_A^2: 0.0587142 NASA_m^2/cm^3: 0.436012 NASA_m^2/g: 0.3278
Number_of_channels: 1 Channel_surface_area_A^2: 97.8072  
Number_of_pockets: 2 Pocket_surface_area_A^2: 0.0159261  0.0427881  
