@ ./temp_file_creation/feature_generation/zeo++//qmof-a0b0c6b_sa.txt Unitcell_volume: 1824.06   Density: 1.5877   ASA_A^2: 84.544 ASA_m^2/cm^3: 463.494 ASA_m^2/g: 291.928 NASA_A^2: 1.30044 NASA_m^2/cm^3: 7.12939 NASA_m^2/g: 4.49039
Number_of_channels: 1 Channel_surface_area_A^2: 84.544  
Number_of_pockets: 2 Pocket_surface_area_A^2: 0.700323  0.600117  
