@ ./temp_file_creation/feature_generation/zeo++//qmof-1e71e12_sa.txt Unitcell_volume: 2330.54   Density: 1.05204   ASA_A^2: 228.716 ASA_m^2/cm^3: 981.387 ASA_m^2/g: 932.84 NASA_A^2: 35.2312 NASA_m^2/cm^3: 151.172 NASA_m^2/g: 143.694
Number_of_channels: 1 Channel_surface_area_A^2: 228.716  
Number_of_pockets: 2 Pocket_surface_area_A^2: 35.1191  0.112105  
