@ ./temp_file_creation/feature_generation/zeo++//qmof-a7d01cd_sa.txt Unitcell_volume: 3601.37   Density: 1.27629   ASA_A^2: 317.773 ASA_m^2/cm^3: 882.365 ASA_m^2/g: 691.353 NASA_A^2: 12.2206 NASA_m^2/cm^3: 33.9332 NASA_m^2/g: 26.5874
Number_of_channels: 2 Channel_surface_area_A^2: 158.155  159.617  
Number_of_pockets: 4 Pocket_surface_area_A^2: 6.01262  0.382227  5.55501  0.270744  
