@ ./temp_file_creation/feature_generation/zeo++//qmof-6804926_sa.txt Unitcell_volume: 3268.47   Density: 0.89336   ASA_A^2: 285.388 ASA_m^2/cm^3: 873.155 ASA_m^2/g: 977.383 NASA_A^2: 0.321336 NASA_m^2/cm^3: 0.98314 NASA_m^2/g: 1.1005
Number_of_channels: 2 Channel_surface_area_A^2: 192.32  93.0675  
Number_of_pockets: 2 Pocket_surface_area_A^2: 0.0159261  0.30541  
