@ ./temp_file_creation/feature_generation/zeo++//qmof-fcc3039_sa.txt Unitcell_volume: 4234.1   Density: 0.95747   ASA_A^2: 717.059 ASA_m^2/cm^3: 1693.53 ASA_m^2/g: 1768.76 NASA_A^2: 0.0109359 NASA_m^2/cm^3: 0.0258281 NASA_m^2/g: 0.0269754
Number_of_channels: 1 Channel_surface_area_A^2: 717.059  
Number_of_pockets: 4 Pocket_surface_area_A^2: 0  0  0.0109359  0  
