@ ./temp_file_creation/feature_generation/zeo++//qmof-9e05c25_sa.txt Unitcell_volume: 3234.41   Density: 0.966661   ASA_A^2: 414.759 ASA_m^2/cm^3: 1282.33 ASA_m^2/g: 1326.56 NASA_A^2: 0.197962 NASA_m^2/cm^3: 0.612049 NASA_m^2/g: 0.633158
Number_of_channels: 2 Channel_surface_area_A^2: 230.956  183.802  
Number_of_pockets: 2 Pocket_surface_area_A^2: 0.0318522  0.16611  
