@ ./temp_file_creation/feature_generation/zeo++//qmof-9525030_sa.txt Unitcell_volume: 15570.6   Density: 0.456559   ASA_A^2: 2850.14 ASA_m^2/cm^3: 1830.47 ASA_m^2/g: 4009.26 NASA_A^2: 28.4254 NASA_m^2/cm^3: 18.2559 NASA_m^2/g: 39.9858
Number_of_channels: 1 Channel_surface_area_A^2: 2850.14  
Number_of_pockets: 8 Pocket_surface_area_A^2: 7.71486  0.238892  7.03564  0.175187  6.47935  0.159261  6.52667  0.0955567  
