@ ./temp_file_creation/feature_generation/zeo++//qmof-01a5958_sa.txt Unitcell_volume: 2547.54   Density: 0.881469   ASA_A^2: 465.273 ASA_m^2/cm^3: 1826.36 ASA_m^2/g: 2071.95 NASA_A^2: 0.209231 NASA_m^2/cm^3: 0.821308 NASA_m^2/g: 0.931748
Number_of_channels: 1 Channel_surface_area_A^2: 465.273  
Number_of_pockets: 1 Pocket_surface_area_A^2: 0.209231  
