@ ./temp_file_creation/feature_generation/zeo++//qmof-289df5f_sa.txt Unitcell_volume: 4627.12   Density: 0.819993   ASA_A^2: 661.781 ASA_m^2/cm^3: 1430.22 ASA_m^2/g: 1744.19 NASA_A^2: 2.39634 NASA_m^2/cm^3: 5.1789 NASA_m^2/g: 6.31578
Number_of_channels: 2 Channel_surface_area_A^2: 325.369  336.413  
Number_of_pockets: 8 Pocket_surface_area_A^2: 0.0109359  0  0.295269  0.153102  0.725803  0.26363  0.281467  0.666134  
