@ ./temp_file_creation/feature_generation/zeo++//qmof-28acf7f_sa.txt Unitcell_volume: 2799.34   Density: 0.861844   ASA_A^2: 392.189 ASA_m^2/cm^3: 1401.01 ASA_m^2/g: 1625.59 NASA_A^2: 0.45946 NASA_m^2/cm^3: 1.64132 NASA_m^2/g: 1.90442
Number_of_channels: 1 Channel_surface_area_A^2: 392.189  
Number_of_pockets: 2 Pocket_surface_area_A^2: 0.400746  0.0587142  
