@ ./temp_file_creation/feature_generation/zeo++//qmof-d2f08f6_sa.txt Unitcell_volume: 3039.22   Density: 0.795414   ASA_A^2: 569.816 ASA_m^2/cm^3: 1874.88 ASA_m^2/g: 2357.11 NASA_A^2: 0.111149 NASA_m^2/cm^3: 0.365717 NASA_m^2/g: 0.459781
Number_of_channels: 1 Channel_surface_area_A^2: 569.816  
Number_of_pockets: 1 Pocket_surface_area_A^2: 0.111149  
