@ ./temp_file_creation/feature_generation/zeo++//qmof-32a57b9_sa.txt Unitcell_volume: 3682.29   Density: 0.812358   ASA_A^2: 557.739 ASA_m^2/cm^3: 1514.65 ASA_m^2/g: 1864.51 NASA_A^2: 0.0874871 NASA_m^2/cm^3: 0.237588 NASA_m^2/g: 0.292468
Number_of_channels: 1 Channel_surface_area_A^2: 557.739  
Number_of_pockets: 2 Pocket_surface_area_A^2: 0.0656153  0.0218718  
