@ ./temp_file_creation/feature_generation/zeo++//qmof-1eec32d_sa.txt Unitcell_volume: 1483.99   Density: 0.789242   ASA_A^2: 243.087 ASA_m^2/cm^3: 1638.06 ASA_m^2/g: 2075.49 NASA_A^2: 0.0690357 NASA_m^2/cm^3: 0.465203 NASA_m^2/g: 0.589431
Number_of_channels: 1 Channel_surface_area_A^2: 243.087  
Number_of_pockets: 1 Pocket_surface_area_A^2: 0.0690357  
