@ ./temp_file_creation/feature_generation/zeo++//qmof-9f315fd_sa.txt Unitcell_volume: 4230.54   Density: 1.24993   ASA_A^2: 223.428 ASA_m^2/cm^3: 528.131 ASA_m^2/g: 422.528 NASA_A^2: 28.1473 NASA_m^2/cm^3: 66.5337 NASA_m^2/g: 53.2299
Number_of_channels: 2 Channel_surface_area_A^2: 113.324  110.103  
Number_of_pockets: 4 Pocket_surface_area_A^2: 6.73601  7.48901  7.3925  6.52979  
