@ ./temp_file_creation/feature_generation/zeo++//qmof-90f37ad_sa.txt Unitcell_volume: 2547.8   Density: 0.799521   ASA_A^2: 428.582 ASA_m^2/cm^3: 1682.16 ASA_m^2/g: 2103.97 NASA_A^2: 0.352072 NASA_m^2/cm^3: 1.38187 NASA_m^2/g: 1.72837
Number_of_channels: 1 Channel_surface_area_A^2: 428.582  
Number_of_pockets: 3 Pocket_surface_area_A^2: 0  0.238679  0.113394  
