@ ./temp_file_creation/feature_generation/zeo++//qmof-7d69ad1_sa.txt Unitcell_volume: 5584.68   Density: 0.979129   ASA_A^2: 447.197 ASA_m^2/cm^3: 800.756 ASA_m^2/g: 817.825 NASA_A^2: 18.0642 NASA_m^2/cm^3: 32.346 NASA_m^2/g: 33.0355
Number_of_channels: 3 Channel_surface_area_A^2: 370.176  39.2444  37.7758  
Number_of_pockets: 3 Pocket_surface_area_A^2: 6.01183  5.76093  6.29144  
