@ ./temp_file_creation/feature_generation/zeo++//qmof-5b5c508_sa.txt Unitcell_volume: 3176.28   Density: 0.996085   ASA_A^2: 357.916 ASA_m^2/cm^3: 1126.84 ASA_m^2/g: 1131.27 NASA_A^2: 8.37521 NASA_m^2/cm^3: 26.368 NASA_m^2/g: 26.4716
Number_of_channels: 2 Channel_surface_area_A^2: 183.877  174.038  
Number_of_pockets: 3 Pocket_surface_area_A^2: 1.39324  6.91827  0.0637045  
