@ ./temp_file_creation/feature_generation/zeo++//qmof-95ce74c_sa.txt Unitcell_volume: 3212.08   Density: 0.840468   ASA_A^2: 316.991 ASA_m^2/cm^3: 986.873 ASA_m^2/g: 1174.19 NASA_A^2: 15.0546 NASA_m^2/cm^3: 46.8689 NASA_m^2/g: 55.7652
Number_of_channels: 1 Channel_surface_area_A^2: 316.991  
Number_of_pockets: 2 Pocket_surface_area_A^2: 7.68955  7.36508  
