@ ./temp_file_creation/feature_generation/zeo++//qmof-98c279d_sa.txt Unitcell_volume: 7207.16   Density: 0.884027   ASA_A^2: 1228.95 ASA_m^2/cm^3: 1705.18 ASA_m^2/g: 1928.88 NASA_A^2: 11.0431 NASA_m^2/cm^3: 15.3225 NASA_m^2/g: 17.3326
Number_of_channels: 1 Channel_surface_area_A^2: 1228.95  
Number_of_pockets: 6 Pocket_surface_area_A^2: 1.68967  1.91593  1.81401  1.72597  2.03641  1.86115  
