@ ./temp_file_creation/feature_generation/zeo++//qmof-9db0389_sa.txt Unitcell_volume: 2924.39   Density: 1.15579   ASA_A^2: 539.087 ASA_m^2/cm^3: 1843.42 ASA_m^2/g: 1594.95 NASA_A^2: 0.043069 NASA_m^2/cm^3: 0.147275 NASA_m^2/g: 0.127424
Number_of_channels: 1 Channel_surface_area_A^2: 539.087  
Number_of_pockets: 1 Pocket_surface_area_A^2: 0.043069  
