@ ./temp_file_creation/feature_generation/zeo++//qmof-6e482fb_sa.txt Unitcell_volume: 2403.05   Density: 0.983673   ASA_A^2: 300.613 ASA_m^2/cm^3: 1250.96 ASA_m^2/g: 1271.73 NASA_A^2: 1.39992 NASA_m^2/cm^3: 5.82559 NASA_m^2/g: 5.92228
Number_of_channels: 2 Channel_surface_area_A^2: 187.941  112.672  
Number_of_pockets: 1 Pocket_surface_area_A^2: 1.39992  
