@ ./temp_file_creation/feature_generation/zeo++//qmof-8333f8b_sa.txt Unitcell_volume: 1724.99   Density: 1.1209   ASA_A^2: 155.434 ASA_m^2/cm^3: 901.073 ASA_m^2/g: 803.883 NASA_A^2: 0.25051 NASA_m^2/cm^3: 1.45224 NASA_m^2/g: 1.2956
Number_of_channels: 1 Channel_surface_area_A^2: 155.434  
Number_of_pockets: 4 Pocket_surface_area_A^2: 0.026862  0.0218718  0.168968  0.0328077  
