@ ./temp_file_creation/feature_generation/zeo++//qmof-0c2ac6d_sa.txt Unitcell_volume: 4386.76   Density: 1.3472   ASA_A^2: 340.391 ASA_m^2/cm^3: 775.95 ASA_m^2/g: 575.974 NASA_A^2: 30.9444 NASA_m^2/cm^3: 70.5405 NASA_m^2/g: 52.361
Number_of_channels: 1 Channel_surface_area_A^2: 340.391  
Number_of_pockets: 4 Pocket_surface_area_A^2: 7.94713  7.64454  7.75602  7.59676  
