@ ./temp_file_creation/feature_generation/zeo++//qmof-3bd7f7d_sa.txt Unitcell_volume: 3629.82   Density: 0.690349   ASA_A^2: 534.533 ASA_m^2/cm^3: 1472.61 ASA_m^2/g: 2133.14 NASA_A^2: 0.0427881 NASA_m^2/cm^3: 0.117879 NASA_m^2/g: 0.170753
Number_of_channels: 2 Channel_surface_area_A^2: 292.842  241.691  
Number_of_pockets: 2 Pocket_surface_area_A^2: 0.0427881  0  
