@ ./temp_file_creation/feature_generation/zeo++//qmof-c2c5615_sa.txt Unitcell_volume: 3215.4   Density: 0.762847   ASA_A^2: 449.927 ASA_m^2/cm^3: 1399.29 ASA_m^2/g: 1834.3 NASA_A^2: 0.859584 NASA_m^2/cm^3: 2.67334 NASA_m^2/g: 3.50442
Number_of_channels: 2 Channel_surface_area_A^2: 264.653  185.274  
Number_of_pockets: 2 Pocket_surface_area_A^2: 0.113394  0.74619  
