@ ./temp_file_creation/feature_generation/zeo++//qmof-c906a20_sa.txt Unitcell_volume: 4776.93   Density: 0.910007   ASA_A^2: 698.802 ASA_m^2/cm^3: 1462.87 ASA_m^2/g: 1607.54 NASA_A^2: 2.48364 NASA_m^2/cm^3: 5.19925 NASA_m^2/g: 5.71342
Number_of_channels: 2 Channel_surface_area_A^2: 352.638  346.165  
Number_of_pockets: 1 Pocket_surface_area_A^2: 2.48364  
