@ ./temp_file_creation/feature_generation/zeo++//qmof-2ff6d74_sa.txt Unitcell_volume: 2563.78   Density: 0.747753   ASA_A^2: 563.954 ASA_m^2/cm^3: 2199.69 ASA_m^2/g: 2941.74 NASA_A^2: 0.0109359 NASA_m^2/cm^3: 0.0426553 NASA_m^2/g: 0.0570446
Number_of_channels: 1 Channel_surface_area_A^2: 563.954  
Number_of_pockets: 1 Pocket_surface_area_A^2: 0.0109359  
