@ ./temp_file_creation/feature_generation/zeo++//qmof-a075109_sa.txt Unitcell_volume: 4669.59   Density: 1.18852   ASA_A^2: 272.117 ASA_m^2/cm^3: 582.742 ASA_m^2/g: 490.307 NASA_A^2: 9.7456 NASA_m^2/cm^3: 20.8704 NASA_m^2/g: 17.5599
Number_of_channels: 2 Channel_surface_area_A^2: 137.044  135.073  
Number_of_pockets: 4 Pocket_surface_area_A^2: 2.55213  2.21347  2.48254  2.49746  
