@ ./temp_file_creation/feature_generation/zeo++//qmof-af3ceb6_sa.txt Unitcell_volume: 5856.45   Density: 0.959506   ASA_A^2: 993.716 ASA_m^2/cm^3: 1696.79 ASA_m^2/g: 1768.4 NASA_A^2: 4.10255 NASA_m^2/cm^3: 7.00518 NASA_m^2/g: 7.30082
Number_of_channels: 1 Channel_surface_area_A^2: 993.716  
Number_of_pockets: 4 Pocket_surface_area_A^2: 2.00385  0.210528  1.74258  0.145587  
