@ ./temp_file_creation/feature_generation/zeo++//qmof-66d7aed_sa.txt Unitcell_volume: 2290.63   Density: 1.07235   ASA_A^2: 363.246 ASA_m^2/cm^3: 1585.79 ASA_m^2/g: 1478.81 NASA_A^2: 0.0792971 NASA_m^2/cm^3: 0.346181 NASA_m^2/g: 0.322825
Number_of_channels: 1 Channel_surface_area_A^2: 363.246  
Number_of_pockets: 3 Pocket_surface_area_A^2: 0.043069  0.0252922  0.0109359  
