@ ./temp_file_creation/feature_generation/zeo++//qmof-681c140_sa.txt Unitcell_volume: 5154.59   Density: 0.787705   ASA_A^2: 950.729 ASA_m^2/cm^3: 1844.43 ASA_m^2/g: 2341.53 NASA_A^2: 0.18742 NASA_m^2/cm^3: 0.363598 NASA_m^2/g: 0.461591
Number_of_channels: 1 Channel_surface_area_A^2: 950.729  
Number_of_pockets: 2 Pocket_surface_area_A^2: 0.12276  0.0646599  
