@ ./temp_file_creation/feature_generation/zeo++//qmof-8442243_sa.txt Unitcell_volume: 4953.76   Density: 1.1491   ASA_A^2: 702.357 ASA_m^2/cm^3: 1417.83 ASA_m^2/g: 1233.86 NASA_A^2: 10.0214 NASA_m^2/cm^3: 20.2298 NASA_m^2/g: 17.605
Number_of_channels: 1 Channel_surface_area_A^2: 702.357  
Number_of_pockets: 5 Pocket_surface_area_A^2: 0.200417  5.65609  0.0172965  4.14758  0  
