@ ./temp_file_creation/feature_generation/zeo++//qmof-c924489_sa.txt Unitcell_volume: 2779.16   Density: 1.04764   ASA_A^2: 180.047 ASA_m^2/cm^3: 647.847 ASA_m^2/g: 618.387 NASA_A^2: 3.38939 NASA_m^2/cm^3: 12.1957 NASA_m^2/g: 11.6411
Number_of_channels: 2 Channel_surface_area_A^2: 89.701  90.3461  
Number_of_pockets: 8 Pocket_surface_area_A^2: 0.882411  0  0.846737  0  0.770928  0.0159261  0.873386  0  
