@ ./temp_file_creation/feature_generation/zeo++//qmof-999122e_sa.txt Unitcell_volume: 7824.53   Density: 0.653078   ASA_A^2: 1591.51 ASA_m^2/cm^3: 2034.01 ASA_m^2/g: 3114.49 NASA_A^2: 2.79409 NASA_m^2/cm^3: 3.57094 NASA_m^2/g: 5.46786
Number_of_channels: 1 Channel_surface_area_A^2: 1591.51  
Number_of_pockets: 2 Pocket_surface_area_A^2: 1.35862  1.43547  
