@ ./temp_file_creation/feature_generation/zeo++//qmof-1e4d669_sa.txt Unitcell_volume: 3490.36   Density: 1.41277   ASA_A^2: 97.4222 ASA_m^2/cm^3: 279.118 ASA_m^2/g: 197.568 NASA_A^2: 9.91089 NASA_m^2/cm^3: 28.395 NASA_m^2/g: 20.0989
Number_of_channels: 2 Channel_surface_area_A^2: 49.2341  48.188  
Number_of_pockets: 4 Pocket_surface_area_A^2: 2.64964  2.39935  2.58923  2.27267  
