@ ./temp_file_creation/feature_generation/zeo++//qmof-bb763b5_sa.txt Unitcell_volume: 2805.8   Density: 1.00888   ASA_A^2: 288.307 ASA_m^2/cm^3: 1027.54 ASA_m^2/g: 1018.5 NASA_A^2: 0.0318522 NASA_m^2/cm^3: 0.113523 NASA_m^2/g: 0.112524
Number_of_channels: 2 Channel_surface_area_A^2: 180.881  107.427  
Number_of_pockets: 1 Pocket_surface_area_A^2: 0.0318522  
