@ ./temp_file_creation/feature_generation/zeo++//qmof-ce09a20_sa.txt Unitcell_volume: 3893.05   Density: 0.884235   ASA_A^2: 405.408 ASA_m^2/cm^3: 1041.36 ASA_m^2/g: 1177.7 NASA_A^2: 5.6266 NASA_m^2/cm^3: 14.4529 NASA_m^2/g: 16.3451
Number_of_channels: 2 Channel_surface_area_A^2: 206.351  199.057  
Number_of_pockets: 6 Pocket_surface_area_A^2: 2.37147  0  0.712001  1.9046  0.638529  0  
