@ ./temp_file_creation/feature_generation/zeo++//qmof-bc76ca2_sa.txt Unitcell_volume: 3407.77   Density: 0.746786   ASA_A^2: 525.493 ASA_m^2/cm^3: 1542.04 ASA_m^2/g: 2064.91 NASA_A^2: 2.29533 NASA_m^2/cm^3: 6.73558 NASA_m^2/g: 9.01943
Number_of_channels: 3 Channel_surface_area_A^2: 254.087  135.137  136.269  
Number_of_pockets: 4 Pocket_surface_area_A^2: 0.213009  0.780375  1.10686  0.195091  
