@ ./temp_file_creation/feature_generation/zeo++//qmof-7f5ffb4_sa.txt Unitcell_volume: 3269.7   Density: 0.851705   ASA_A^2: 407.416 ASA_m^2/cm^3: 1246.03 ASA_m^2/g: 1462.99 NASA_A^2: 9.3488 NASA_m^2/cm^3: 28.5922 NASA_m^2/g: 33.5705
Number_of_channels: 2 Channel_surface_area_A^2: 157.603  249.813  
Number_of_pockets: 3 Pocket_surface_area_A^2: 0.253649  2.05861  7.03654  
