@ ./temp_file_creation/feature_generation/zeo++//qmof-688828e_sa.txt Unitcell_volume: 6042.47   Density: 1.59228   ASA_A^2: 93.6413 ASA_m^2/cm^3: 154.972 ASA_m^2/g: 97.3274 NASA_A^2: 87.6094 NASA_m^2/cm^3: 144.989 NASA_m^2/g: 91.058
Number_of_channels: 2 Channel_surface_area_A^2: 46.4305  47.2108  
Number_of_pockets: 8 Pocket_surface_area_A^2: 2.88549  2.79684  18.4973  19.5342  2.89834  2.70627  18.6934  19.5975  
