@ ./temp_file_creation/feature_generation/zeo++//qmof-47c6a17_sa.txt Unitcell_volume: 2623.47   Density: 0.957217   ASA_A^2: 226.026 ASA_m^2/cm^3: 861.552 ASA_m^2/g: 900.06 NASA_A^2: 6.47013 NASA_m^2/cm^3: 24.6625 NASA_m^2/g: 25.7648
Number_of_channels: 1 Channel_surface_area_A^2: 226.026  
Number_of_pockets: 4 Pocket_surface_area_A^2: 1.53517  1.41179  1.78903  1.73414  
