@ ./temp_file_creation/feature_generation/zeo++//qmof-6e1e8c2_sa.txt Unitcell_volume: 2433.21   Density: 0.801385   ASA_A^2: 429.667 ASA_m^2/cm^3: 1765.84 ASA_m^2/g: 2203.49 NASA_A^2: 0.101843 NASA_m^2/cm^3: 0.418556 NASA_m^2/g: 0.522291
Number_of_channels: 2 Channel_surface_area_A^2: 232.034  197.633  
Number_of_pockets: 1 Pocket_surface_area_A^2: 0.101843  
