@ ./temp_file_creation/feature_generation/zeo++//qmof-cee3a9c_sa.txt Unitcell_volume: 5015   Density: 1.24705   ASA_A^2: 491.049 ASA_m^2/cm^3: 979.16 ASA_m^2/g: 785.179 NASA_A^2: 29.4656 NASA_m^2/cm^3: 58.7548 NASA_m^2/g: 47.115
Number_of_channels: 1 Channel_surface_area_A^2: 491.049  
Number_of_pockets: 3 Pocket_surface_area_A^2: 9.92063  10.0862  9.45877  
