@ ./temp_file_creation/feature_generation/zeo++//qmof-583d246_sa.txt Unitcell_volume: 3228.86   Density: 0.779501   ASA_A^2: 535.682 ASA_m^2/cm^3: 1659.05 ASA_m^2/g: 2128.35 NASA_A^2: 0.587318 NASA_m^2/cm^3: 1.81897 NASA_m^2/g: 2.3335
Number_of_channels: 1 Channel_surface_area_A^2: 535.682  
Number_of_pockets: 1 Pocket_surface_area_A^2: 0.587318  
