@ ./temp_file_creation/feature_generation/zeo++//qmof-6cac3d1_sa.txt Unitcell_volume: 2809.76   Density: 0.85617   ASA_A^2: 343.982 ASA_m^2/cm^3: 1224.24 ASA_m^2/g: 1429.91 NASA_A^2: 0.0587142 NASA_m^2/cm^3: 0.208966 NASA_m^2/g: 0.24407
Number_of_channels: 2 Channel_surface_area_A^2: 172.332  171.65  
Number_of_pockets: 1 Pocket_surface_area_A^2: 0.0587142  
