@ ./temp_file_creation/feature_generation/zeo++//qmof-54d276d_sa.txt Unitcell_volume: 3786.61   Density: 0.740349   ASA_A^2: 571.049 ASA_m^2/cm^3: 1508.07 ASA_m^2/g: 2036.98 NASA_A^2: 16.2261 NASA_m^2/cm^3: 42.8512 NASA_m^2/g: 57.8798
Number_of_channels: 1 Channel_surface_area_A^2: 571.049  
Number_of_pockets: 2 Pocket_surface_area_A^2: 0.0909075  16.1352  
