@ ./temp_file_creation/feature_generation/zeo++//qmof-3c1d573_sa.txt Unitcell_volume: 4413.09   Density: 0.741855   ASA_A^2: 889.407 ASA_m^2/cm^3: 2015.38 ASA_m^2/g: 2716.68 NASA_A^2: 0.0139347 NASA_m^2/cm^3: 0.0315759 NASA_m^2/g: 0.0425634
Number_of_channels: 1 Channel_surface_area_A^2: 889.407  
Number_of_pockets: 1 Pocket_surface_area_A^2: 0.0139347  
