@ ./temp_file_creation/feature_generation/zeo++//qmof-b2c1954_sa.txt Unitcell_volume: 1170.78   Density: 0.896701   ASA_A^2: 181.137 ASA_m^2/cm^3: 1547.14 ASA_m^2/g: 1725.37 NASA_A^2: 0.0546794 NASA_m^2/cm^3: 0.467032 NASA_m^2/g: 0.520834
Number_of_channels: 1 Channel_surface_area_A^2: 181.137  
Number_of_pockets: 2 Pocket_surface_area_A^2: 0.0328077  0.0218718  
