@ ./temp_file_creation/feature_generation/zeo++//qmof-a0bc446_sa.txt Unitcell_volume: 5716.63   Density: 0.687465   ASA_A^2: 833.424 ASA_m^2/cm^3: 1457.89 ASA_m^2/g: 2120.68 NASA_A^2: 11.0161 NASA_m^2/cm^3: 19.2703 NASA_m^2/g: 28.031
Number_of_channels: 1 Channel_surface_area_A^2: 833.424  
Number_of_pockets: 2 Pocket_surface_area_A^2: 5.07872  5.9374  
