@ ./temp_file_creation/feature_generation/zeo++//qmof-d133979_sa.txt Unitcell_volume: 4028.6   Density: 0.758712   ASA_A^2: 620.061 ASA_m^2/cm^3: 1539.15 ASA_m^2/g: 2028.63 NASA_A^2: 0.191113 NASA_m^2/cm^3: 0.474391 NASA_m^2/g: 0.625259
Number_of_channels: 2 Channel_surface_area_A^2: 299.954  320.107  
Number_of_pockets: 2 Pocket_surface_area_A^2: 0.0796306  0.111483  
