@ ./temp_file_creation/feature_generation/zeo++//qmof-a0717aa_sa.txt Unitcell_volume: 2380.62   Density: 1.30235   ASA_A^2: 139.671 ASA_m^2/cm^3: 586.699 ASA_m^2/g: 450.493 NASA_A^2: 0.793089 NASA_m^2/cm^3: 3.33143 NASA_m^2/g: 2.55802
Number_of_channels: 1 Channel_surface_area_A^2: 139.671  
Number_of_pockets: 4 Pocket_surface_area_A^2: 0.24737  0.171494  0.303619  0.0706055  
