@ ./temp_file_creation/feature_generation/zeo++//qmof-02f9568_sa.txt Unitcell_volume: 10294.5   Density: 0.54272   ASA_A^2: 1735.02 ASA_m^2/cm^3: 1685.38 ASA_m^2/g: 3105.44 NASA_A^2: 0.143563 NASA_m^2/cm^3: 0.139456 NASA_m^2/g: 0.256958
Number_of_channels: 1 Channel_surface_area_A^2: 1735.02  
Number_of_pockets: 8 Pocket_surface_area_A^2: 0.0287126  0.0574253  0.0143563  0.0143563  0.0287126  0  0  0  
