@ ./temp_file_creation/feature_generation/zeo++//qmof-afae87d_sa.txt Unitcell_volume: 5288.22   Density: 1.21553   ASA_A^2: 605.687 ASA_m^2/cm^3: 1145.35 ASA_m^2/g: 942.262 NASA_A^2: 0.20704 NASA_m^2/cm^3: 0.391511 NASA_m^2/g: 0.322089
Number_of_channels: 2 Channel_surface_area_A^2: 263.275  342.412  
Number_of_pockets: 2 Pocket_surface_area_A^2: 0.111483  0.0955567  
