@ ./temp_file_creation/feature_generation/zeo++//qmof-c5e9ea3_sa.txt Unitcell_volume: 2596.06   Density: 0.78594   ASA_A^2: 460.311 ASA_m^2/cm^3: 1773.12 ASA_m^2/g: 2256.05 NASA_A^2: 0.0318522 NASA_m^2/cm^3: 0.122695 NASA_m^2/g: 0.156112
Number_of_channels: 1 Channel_surface_area_A^2: 460.311  
Number_of_pockets: 1 Pocket_surface_area_A^2: 0.0318522  
