@ ./temp_file_creation/feature_generation/zeo++//qmof-2531f43_sa.txt Unitcell_volume: 5897.56   Density: 0.934178   ASA_A^2: 774.035 ASA_m^2/cm^3: 1312.47 ASA_m^2/g: 1404.94 NASA_A^2: 0.0109359 NASA_m^2/cm^3: 0.0185431 NASA_m^2/g: 0.0198496
Number_of_channels: 1 Channel_surface_area_A^2: 774.035  
Number_of_pockets: 2 Pocket_surface_area_A^2: 0.0109359  0  
