@ ./temp_file_creation/feature_generation/zeo++//qmof-82ec815_sa.txt Unitcell_volume: 2576.13   Density: 0.904936   ASA_A^2: 420.02 ASA_m^2/cm^3: 1630.43 ASA_m^2/g: 1801.71 NASA_A^2: 1.28684 NASA_m^2/cm^3: 4.99524 NASA_m^2/g: 5.51999
Number_of_channels: 1 Channel_surface_area_A^2: 420.02  
Number_of_pockets: 2 Pocket_surface_area_A^2: 0.732275  0.554563  
