@ ./temp_file_creation/feature_generation/zeo++//qmof-1a74b10_sa.txt Unitcell_volume: 2897.48   Density: 0.761636   ASA_A^2: 456.187 ASA_m^2/cm^3: 1574.43 ASA_m^2/g: 2067.17 NASA_A^2: 0.184553 NASA_m^2/cm^3: 0.636944 NASA_m^2/g: 0.836284
Number_of_channels: 2 Channel_surface_area_A^2: 231.44  224.748  
Number_of_pockets: 1 Pocket_surface_area_A^2: 0.184553  
