@ ./temp_file_creation/feature_generation/zeo++//qmof-e2e4331_sa.txt Unitcell_volume: 2957.95   Density: 0.848736   ASA_A^2: 546.059 ASA_m^2/cm^3: 1846.08 ASA_m^2/g: 2175.09 NASA_A^2: 0.0717816 NASA_m^2/cm^3: 0.242674 NASA_m^2/g: 0.285924
Number_of_channels: 1 Channel_surface_area_A^2: 546.059  
Number_of_pockets: 1 Pocket_surface_area_A^2: 0.0717816  
