@ ./temp_file_creation/feature_generation/zeo++//qmof-4912f4f_sa.txt Unitcell_volume: 2021.59   Density: 0.829455   ASA_A^2: 277.147 ASA_m^2/cm^3: 1370.94 ASA_m^2/g: 1652.82 NASA_A^2: 10.744 NASA_m^2/cm^3: 53.1466 NASA_m^2/g: 64.0741
Number_of_channels: 1 Channel_surface_area_A^2: 277.147  
Number_of_pockets: 2 Pocket_surface_area_A^2: 0.109359  10.6347  
