@ ./temp_file_creation/feature_generation/zeo++//qmof-051e081_sa.txt Unitcell_volume: 4180.6   Density: 1.10257   ASA_A^2: 371.006 ASA_m^2/cm^3: 887.448 ASA_m^2/g: 804.889 NASA_A^2: 19.0272 NASA_m^2/cm^3: 45.5131 NASA_m^2/g: 41.2791
Number_of_channels: 1 Channel_surface_area_A^2: 371.006  
Number_of_pockets: 2 Pocket_surface_area_A^2: 9.43948  9.58775  
