@ ./temp_file_creation/feature_generation/zeo++//qmof-8389efb_sa.txt Unitcell_volume: 2507.67   Density: 0.786464   ASA_A^2: 552.605 ASA_m^2/cm^3: 2203.66 ASA_m^2/g: 2801.99 NASA_A^2: 0.0143563 NASA_m^2/cm^3: 0.0572497 NASA_m^2/g: 0.0727939
Number_of_channels: 1 Channel_surface_area_A^2: 552.605  
Number_of_pockets: 1 Pocket_surface_area_A^2: 0.0143563  
