@ ./temp_file_creation/feature_generation/zeo++//qmof-1035838_sa.txt Unitcell_volume: 7832.61   Density: 0.605099   ASA_A^2: 1344.62 ASA_m^2/cm^3: 1716.69 ASA_m^2/g: 2837.04 NASA_A^2: 0.519952 NASA_m^2/cm^3: 0.66383 NASA_m^2/g: 1.09706
Number_of_channels: 1 Channel_surface_area_A^2: 1344.62  
Number_of_pockets: 1 Pocket_surface_area_A^2: 0.519952  
