@ ./temp_file_creation/feature_generation/zeo++//qmof-d215bed_sa.txt Unitcell_volume: 4143.05   Density: 0.727722   ASA_A^2: 681.142 ASA_m^2/cm^3: 1644.06 ASA_m^2/g: 2259.18 NASA_A^2: 0.118384 NASA_m^2/cm^3: 0.285741 NASA_m^2/g: 0.392651
Number_of_channels: 1 Channel_surface_area_A^2: 681.142  
Number_of_pockets: 1 Pocket_surface_area_A^2: 0.118384  
