@ ./temp_file_creation/feature_generation/zeo++//qmof-6e9bf4e_sa.txt Unitcell_volume: 6288.74   Density: 0.809714   ASA_A^2: 802.993 ASA_m^2/cm^3: 1276.88 ASA_m^2/g: 1576.95 NASA_A^2: 0.891862 NASA_m^2/cm^3: 1.41819 NASA_m^2/g: 1.75147
Number_of_channels: 4 Channel_surface_area_A^2: 265.322  135.05  267.564  135.057  
Number_of_pockets: 7 Pocket_surface_area_A^2: 0.0796306  0  0.0318522  0.302596  0.0318522  0.159261  0.28667  
