@ ./temp_file_creation/feature_generation/zeo++//qmof-b7ce55c_sa.txt Unitcell_volume: 2766.47   Density: 0.783285   ASA_A^2: 416.779 ASA_m^2/cm^3: 1506.53 ASA_m^2/g: 1923.35 NASA_A^2: 0.0218718 NASA_m^2/cm^3: 0.0790602 NASA_m^2/g: 0.100934
Number_of_channels: 2 Channel_surface_area_A^2: 227.264  189.514  
Number_of_pockets: 4 Pocket_surface_area_A^2: 0  0  0  0.0218718  
