@ ./temp_file_creation/feature_generation/zeo++//qmof-18c691a_sa.txt Unitcell_volume: 1383.81   Density: 1.53704   ASA_A^2: 80.8593 ASA_m^2/cm^3: 584.323 ASA_m^2/g: 380.162 NASA_A^2: 1.44506 NASA_m^2/cm^3: 10.4426 NASA_m^2/g: 6.794
Number_of_channels: 1 Channel_surface_area_A^2: 80.8593  
Number_of_pockets: 2 Pocket_surface_area_A^2: 0.675654  0.769409  
