@ ./temp_file_creation/feature_generation/zeo++//qmof-c54c019_sa.txt Unitcell_volume: 3321.62   Density: 0.762348   ASA_A^2: 487.055 ASA_m^2/cm^3: 1466.32 ASA_m^2/g: 1923.42 NASA_A^2: 0.0159261 NASA_m^2/cm^3: 0.0479469 NASA_m^2/g: 0.0628937
Number_of_channels: 2 Channel_surface_area_A^2: 254.355  232.7  
Number_of_pockets: 1 Pocket_surface_area_A^2: 0.0159261  
