@ ./temp_file_creation/feature_generation/zeo++//qmof-6882a18_sa.txt Unitcell_volume: 2400.11   Density: 0.963474   ASA_A^2: 309.961 ASA_m^2/cm^3: 1291.45 ASA_m^2/g: 1340.41 NASA_A^2: 0.158093 NASA_m^2/cm^3: 0.65869 NASA_m^2/g: 0.683661
Number_of_channels: 2 Channel_surface_area_A^2: 187.228  122.733  
Number_of_pockets: 1 Pocket_surface_area_A^2: 0.158093  
