@ ./temp_file_creation/feature_generation/zeo++//qmof-bb8d268_sa.txt Unitcell_volume: 4184.01   Density: 0.94179   ASA_A^2: 660.764 ASA_m^2/cm^3: 1579.26 ASA_m^2/g: 1676.87 NASA_A^2: 0.162689 NASA_m^2/cm^3: 0.388836 NASA_m^2/g: 0.412869
Number_of_channels: 1 Channel_surface_area_A^2: 660.764  
Number_of_pockets: 1 Pocket_surface_area_A^2: 0.162689  
