@ ./temp_file_creation/feature_generation/zeo++//qmof-8aba187_sa.txt Unitcell_volume: 1683.01   Density: 1.33107   ASA_A^2: 119.596 ASA_m^2/cm^3: 710.607 ASA_m^2/g: 533.86 NASA_A^2: 8.81461 NASA_m^2/cm^3: 52.374 NASA_m^2/g: 39.3472
Number_of_channels: 1 Channel_surface_area_A^2: 119.596  
Number_of_pockets: 2 Pocket_surface_area_A^2: 0.0589315  8.75568  
