@ ./temp_file_creation/feature_generation/zeo++//qmof-5c1b397_sa.txt Unitcell_volume: 1934.6   Density: 0.95994   ASA_A^2: 276.565 ASA_m^2/cm^3: 1429.57 ASA_m^2/g: 1489.23 NASA_A^2: 0.0656153 NASA_m^2/cm^3: 0.339167 NASA_m^2/g: 0.353321
Number_of_channels: 1 Channel_surface_area_A^2: 276.565  
Number_of_pockets: 1 Pocket_surface_area_A^2: 0.0656153  
