@ ./temp_file_creation/feature_generation/zeo++//qmof-12aa8fe_sa.txt Unitcell_volume: 1737.01   Density: 1.06389   ASA_A^2: 93.0311 ASA_m^2/cm^3: 535.583 ASA_m^2/g: 503.42 NASA_A^2: 0.577691 NASA_m^2/cm^3: 3.32579 NASA_m^2/g: 3.12607
Number_of_channels: 1 Channel_surface_area_A^2: 93.0311  
Number_of_pockets: 2 Pocket_surface_area_A^2: 0.0755958  0.502095  
