@ ./temp_file_creation/feature_generation/zeo++//qmof-2cda290_sa.txt Unitcell_volume: 2055.14   Density: 0.968149   ASA_A^2: 286.994 ASA_m^2/cm^3: 1396.47 ASA_m^2/g: 1442.41 NASA_A^2: 0.979472 NASA_m^2/cm^3: 4.76597 NASA_m^2/g: 4.92277
Number_of_channels: 2 Channel_surface_area_A^2: 146.823  140.171  
Number_of_pockets: 2 Pocket_surface_area_A^2: 0.451165  0.528307  
