@ ./temp_file_creation/feature_generation/zeo++//qmof-553d89c_sa.txt Unitcell_volume: 3380.3   Density: 1.06358   ASA_A^2: 315.18 ASA_m^2/cm^3: 932.403 ASA_m^2/g: 876.664 NASA_A^2: 0.242934 NASA_m^2/cm^3: 0.718675 NASA_m^2/g: 0.675713
Number_of_channels: 2 Channel_surface_area_A^2: 156.199  158.981  
Number_of_pockets: 4 Pocket_surface_area_A^2: 0.0605649  0.114289  0.0302824  0.0377979  
