@ ./temp_file_creation/feature_generation/zeo++//qmof-2e2ea03_sa.txt Unitcell_volume: 4061.87   Density: 0.7012   ASA_A^2: 776.35 ASA_m^2/cm^3: 1911.31 ASA_m^2/g: 2725.77 NASA_A^2: 0.0109359 NASA_m^2/cm^3: 0.0269233 NASA_m^2/g: 0.038396
Number_of_channels: 1 Channel_surface_area_A^2: 776.35  
Number_of_pockets: 1 Pocket_surface_area_A^2: 0.0109359  
