@ ./temp_file_creation/feature_generation/zeo++//qmof-d4d3d1f_sa.txt Unitcell_volume: 5050.01   Density: 1.09048   ASA_A^2: 772.304 ASA_m^2/cm^3: 1529.31 ASA_m^2/g: 1402.42 NASA_A^2: 1.18372 NASA_m^2/cm^3: 2.34398 NASA_m^2/g: 2.1495
Number_of_channels: 2 Channel_surface_area_A^2: 400.716  371.588  
Number_of_pockets: 1 Pocket_surface_area_A^2: 1.18372  
