@ ./temp_file_creation/feature_generation/zeo++//qmof-d47560b_sa.txt Unitcell_volume: 2490.56   Density: 0.822087   ASA_A^2: 171.92 ASA_m^2/cm^3: 690.284 ASA_m^2/g: 839.673 NASA_A^2: 93.4166 NASA_m^2/cm^3: 375.082 NASA_m^2/g: 456.256
Number_of_channels: 2 Channel_surface_area_A^2: 85.5783  86.3413  
Number_of_pockets: 8 Pocket_surface_area_A^2: 24.6336  7.19956  7.9227  7.51106  7.87073  23.4876  7.26455  7.52677  
