@ ./temp_file_creation/feature_generation/zeo++//qmof-56dbe2b_sa.txt Unitcell_volume: 3267.81   Density: 0.764773   ASA_A^2: 379.003 ASA_m^2/cm^3: 1159.81 ASA_m^2/g: 1516.54 NASA_A^2: 0.954755 NASA_m^2/cm^3: 2.9217 NASA_m^2/g: 3.82035
Number_of_channels: 2 Channel_surface_area_A^2: 196.964  182.039  
Number_of_pockets: 2 Pocket_surface_area_A^2: 0.39979  0.554964  
