@ ./temp_file_creation/feature_generation/zeo++//qmof-8a528fd_sa.txt Unitcell_volume: 3187.27   Density: 0.805206   ASA_A^2: 301.65 ASA_m^2/cm^3: 946.421 ASA_m^2/g: 1175.38 NASA_A^2: 1.42012 NASA_m^2/cm^3: 4.4556 NASA_m^2/g: 5.5335
Number_of_channels: 2 Channel_surface_area_A^2: 162.318  139.332  
Number_of_pockets: 1 Pocket_surface_area_A^2: 1.42012  
