@ ./temp_file_creation/feature_generation/zeo++//qmof-8abf698_sa.txt Unitcell_volume: 4300.53   Density: 0.80484   ASA_A^2: 756.612 ASA_m^2/cm^3: 1759.35 ASA_m^2/g: 2185.96 NASA_A^2: 0.185235 NASA_m^2/cm^3: 0.430727 NASA_m^2/g: 0.535171
Number_of_channels: 1 Channel_surface_area_A^2: 756.612  
Number_of_pockets: 2 Pocket_surface_area_A^2: 0.0690357  0.1162  
