@ ./temp_file_creation/feature_generation/zeo++//qmof-86dd367_sa.txt Unitcell_volume: 2921.71   Density: 0.80386   ASA_A^2: 370.527 ASA_m^2/cm^3: 1268.18 ASA_m^2/g: 1577.62 NASA_A^2: 0.364859 NASA_m^2/cm^3: 1.24878 NASA_m^2/g: 1.55348
Number_of_channels: 1 Channel_surface_area_A^2: 370.527  
Number_of_pockets: 1 Pocket_surface_area_A^2: 0.364859  
