@ ./temp_file_creation/feature_generation/zeo++//qmof-1f248c3_sa.txt Unitcell_volume: 1342.81   Density: 0.877203   ASA_A^2: 204.935 ASA_m^2/cm^3: 1526.17 ASA_m^2/g: 1739.81 NASA_A^2: 0.0427881 NASA_m^2/cm^3: 0.318647 NASA_m^2/g: 0.363253
Number_of_channels: 1 Channel_surface_area_A^2: 204.935  
Number_of_pockets: 1 Pocket_surface_area_A^2: 0.0427881  
