@ ./temp_file_creation/feature_generation/zeo++//qmof-66696cd_sa.txt Unitcell_volume: 9381.03   Density: 0.729423   ASA_A^2: 1744.57 ASA_m^2/cm^3: 1859.67 ASA_m^2/g: 2549.51 NASA_A^2: 22.3424 NASA_m^2/cm^3: 23.8166 NASA_m^2/g: 32.6512
Number_of_channels: 1 Channel_surface_area_A^2: 1744.57  
Number_of_pockets: 4 Pocket_surface_area_A^2: 5.43003  5.85994  5.57797  5.47445  
