@ ./temp_file_creation/feature_generation/zeo++//qmof-535bd24_sa.txt Unitcell_volume: 8538.12   Density: 1.3198   ASA_A^2: 883.847 ASA_m^2/cm^3: 1035.18 ASA_m^2/g: 784.341 NASA_A^2: 2.23734 NASA_m^2/cm^3: 2.62042 NASA_m^2/g: 1.98546
Number_of_channels: 1 Channel_surface_area_A^2: 883.847  
Number_of_pockets: 2 Pocket_surface_area_A^2: 1.08087  1.15647  
