@ ./temp_file_creation/feature_generation/zeo++//qmof-d9d4912_sa.txt Unitcell_volume: 3232.72   Density: 0.833362   ASA_A^2: 414.218 ASA_m^2/cm^3: 1281.33 ASA_m^2/g: 1537.54 NASA_A^2: 0.254605 NASA_m^2/cm^3: 0.787586 NASA_m^2/g: 0.945071
Number_of_channels: 2 Channel_surface_area_A^2: 220.971  193.248  
Number_of_pockets: 1 Pocket_surface_area_A^2: 0.254605  
